ID	GRADRAT	CSAT	MATRICULADOS	PUBLICO	STUAULA	GASTO	ACT
1002	40	NA	6.89162589705225	1	14.3	2.55	17
1003	55	NA	5.18738580584075	0	32.8	3.25	20
1004	51	NA	6.3456363608286	1	18.9	NA	21
1005	15	NA	7.15305163493748	1	18.7	NA	NA
1009	69	1076	8.02943284058124	1	16.7	NA	24
1012	72	1100	5.65948221575962	0	14	4.48	26
1016	76	NA	6.4377516497364	1	19.4	2.536	NA
1019	44	959	4.84418708645859	0	11.4	3.92	23
1020	33	NA	6.78784498230958	1	20.1	2.6	20
1023	43	NA	4.91998092582813	0	17.9	NA	22
1024	36	NA	6.09582456243222	1	18.8	2.449	19
1028	15	NA	5.48893772615669	0	16.7	2.7	NA
1029	52	NA	5.59471137960184	0	16.6	NA	22
1033	NA	760	5.95324333428778	0	14.5	NA	17
1036	61	NA	6.53813982376767	0	14.7	NA	NA
1041	70	990	5.4380793089232	0	14.4	4.788	24
1044	47	NA	5.51342874616498	0	14.3	2.754	NA
1046	46	NA	5.81413053182507	0	15.5	2.964	NA
1047	48	980	6.71417052990947	1	23	2.57	20
1050	65	NA	6.4150969591716	0	12.2	NA	NA
1051	50	NA	7.89431806384162	1	17.3	3.53	23
1052	33	NA	6.84374994900622	1	6.7	5.175	21
1055	38	1010	6.09807428216624	1	12.7	3.5	24
1057	43	NA	6.95368421087054	1	13.3	2.85	23
1061	15	972	4.00733318523247	0	11.9	4.12	20
1063	NA	961	6.8330317327862	1	10	3.59	22
1065	39	NA	4.48863636973214	1	9.5	4.764	NA
1074	81	926	5.12989871492307	0	14.2	NA	22
1081	48	974	8.23244015847034	1	18.9	NA	23
1082	41	939	7.58731050602262	1	21.7	3.728	22
1083	49	983	8.41825644355621	1	19.6	4.216	23
1085	NA	NA	6.49526555593701	1	42.6	2.31	NA
1086	NA	694	6.61204103483309	1	16.2	NA	16
1088	54	NA	5.11198778835654	0	12.6	3.922	25
1089	48	NA	6.85751406254539	1	19.6	NA	21
1090	39	NA	7.30518821539304	1	20	NA	21
1092	36	NA	7.49108759353488	1	20.5	2.6	22
1094	NA	NA	4.83628190695148	0	12.8	2.85	NA
1098	68	NA	6.64768837356333	1	19	NA	NA
1099	63	1089	5.61312810638807	0	13.1	3.195	26
1100	75	993	5.64897423816121	0	13.3	3.672	23
1101	19	NA	7.08506429395255	1	14.7	NA	19
1102	65	NA	6.10924758276437	0	13.3	NA	NA
1103	NA	NA	5.40267738187228	0	18.1	1.26	NA
1106	NA	NA	4.87519732320115	0	18	NA	19
1107	33	NA	6.21260609575152	1	17	NA	NA
1108	39	NA	7.66528471847135	1	14.8	NA	NA
1117	NA	902	6.22257626807137	0	12.8	3.7	21
1122	36	940	6.12905021006055	0	16.6	4.546	22
1125	43	836	5.05624580534831	0	13	3.894	19
1131	83	1410	5.34710753071747	0	6.5	NA	NA
1133	60	931	5.50938833662798	0	12.4	NA	21
1137	56	871	7.29301767977278	1	19.9	NA	21
1138	47	NA	7.02642680869964	1	20.5	NA	NA
1139	48	838	7.85399308722424	1	20.3	NA	21
1140	49	NA	7.14519613499717	1	20.4	NA	NA
1141	24	NA	6.0591231955818	1	18.1	NA	NA
1142	49	839	7.32712329225929	1	20.3	NA	NA
1143	59	1002	7.40853056689463	1	19.8	4.877	21
1144	50	NA	7.35627987655075	1	18.5	4.862	NA
1146	63	899	7.15305163493748	1	18.9	5.05	21
1147	61	NA	7.30182234213793	1	21.2	NA	NA
1149	65	956	6.33682573114644	1	16.4	NA	22
1150	47	884	7.11801620446533	1	19.2	NA	NA
1151	41	851	7.67368812926773	1	19.5	NA	20
1153	43	809	7.67647364638916	1	20.3	NA	19
1154	55	816	7.13807303404435	1	17.4	NA	19
1155	46	838	7.25841215059531	1	17.4	4.224	19
1156	40	968	6.32256523992728	1	16.1	5.189	22
1157	NA	849	6.13339804299665	1	15.3	NA	19
1158	23	895	3.93182563272433	0	15.7	NA	19
1164	47	957	5.86078622346587	0	12.8	NA	22
1170	87	1270	5.4249500174814	0	9.6	6.01	28
1171	100	1370	5.18178355029209	0	8.2	6.69	NA
1172	73	1150	5.39362754635236	0	10.4	5.9	26
1173	91	1340	5.96614673912369	0	8.9	NA	31
1174	73	1150	4.93447393313069	0	8.2	7.35	26
1179	43	NA	4.57471097850338	0	10.4	NA	NA
1183	44	898	3.76120011569356	0	7.8	NA	NA
1196	50	884	4.31748811353631	0	11.6	NA	NA
1215	49	888	5.78382518232974	0	12.6	3.855	20
1216	47	903	5.42053499927229	0	14.1	NA	22
1236	NA	829	4.74493212836325	0	15.4	NA	19
1238	64	1050	4.88280192258637	0	10.3	NA	25
1243	72	972	4.72738781871234	0	11.9	NA	21
1249	79	1080	5.91350300563827	0	10.5	5.14	NA
1252	67	900	4.48863636973214	0	10.7	NA	22
1253	54	1008	4.98360662170834	0	10.5	3.67	22
1258	69	NA	5.95324333428778	0	12.3	3.825	22
1262	54	897	6.0591231955818	0	16.1	NA	21
1264	66	1099	6.52209279817015	0	11.6	6.77	25
1293	43	909	5.26269018890489	0	18.6	4.124	21
1302	78	1032	6.14203740558736	0	16.1	6.354	NA
1305	96	1401	7.38770923908104	0	9.7	NA	31
1312	78	1218	8.07558263667172	1	15.8	NA	NA
1313	76	1070	8.04686951095958	1	14.5	NA	24
1314	66	1029	7.81520706218909	1	16.1	NA	NA
1315	77	1141	8.18618599422608	1	11.8	NA	NA
1316	62	982	7.29301767977278	1	13.4	NA	23
1317	66	1131	7.8164169836918	1	13.9	NA	26
1320	69	1006	8.08301991917133	1	18.9	NA	NA
1321	59	1059	7.44833386089748	1	21.3	NA	NA
1322	73	NA	5.72358510195238	0	8.9	6.205	NA
1325	62	977	6.28785856016178	0	13.6	6.452	21
1326	100	NA	6.78897174299217	0	13.9	NA	NA
1328	68	1090	7.81480342948936	0	11.4	6.482	25
1329	65	975	6.36647044773144	0	11.2	NA	NA
1339	51	833	4.77068462446567	0	16.8	NA	NA
1341	87	1051	5.86078622346587	1	14.9	5.304	24
1342	52	961	5.8406416573734	0	13.6	NA	NA
1343	54	822	4.70953020131233	0	13.5	NA	20
1345	60	NA	6.34388043412633	1	27.9	3.73	21
1347	84	NA	6.19440539110467	0	11.3	4.19	NA
1349	40	920	7.43661726523423	1	21.5	NA	22
1350	59	1024	7.69348164083518	1	19.2	NA	25
1353	46	NA	7.02375895473844	1	19.1	3.32	NA
1358	59	851	6.79234442747081	1	28.8	3.798	20
1360	25	855	7.41577697541539	1	21.1	NA	20
1363	53	929	5.73009978297357	0	14.8	5.48	22
1365	36	908	6.40522845803084	1	19.4	4.38	20
1369	88	NA	7.05617528410041	1	8.2	NA	NA
1370	66	NA	8.14206328310415	1	19.9	NA	NA
1371	67	1010	6.36302810354047	0	15.9	NA	24
1372	52	890	6.40357419793482	1	19.4	3.755	21
1374	63	890	4.63472898822964	0	11.5	NA	23
1378	49	871	6.80461452006262	1	16.7	4.444	NA
1379	91	NA	6.08221891037645	0	10.7	6.3	NA
1380	NA	NA	6.26909628370626	1	15.5	3.936	NA
1385	94	1058	6.66057514983969	0	15.1	NA	25
1397	79	929	5.8171111599632	0	15.6	5.02	NA
1401	NA	NA	4.52178857704904	0	12.2	NA	NA
1402	86	NA	6.69208374250663	0	12	NA	NA
1403	82	900	6.23244801655052	0	14.8	5.78	NA
1406	45	830	6.95081476844258	1	15.8	4.796	NA
1409	76	NA	4.56434819146784	0	11.2	4.6	NA
1414	91	NA	6.16961073249146	0	10.4	5.69	NA
1415	71	1186	5.62401750618734	1	8.3	NA	NA
1416	51	911	5.03043792139244	0	7.9	6.81	NA
1422	66	963	7.08506429395255	0	10.7	6	NA
1424	92	1280	6.56807791141198	0	12.1	5.6	29
1425	50	855	6.33505425149806	1	16.9	4.316	NA
1426	99	NA	7.18311170174328	0	5.8	6.51	NA
1428	26	NA	6.63856778916652	1	13.7	3.81	NA
1429	36	911	5.64897423816121	0	27.6	NA	NA
1431	75	1035	8.0870254706677	0	18.3	4.23	NA
1433	84	800	5.85793315448346	0	14.4	4.674	NA
1434	69	1133	6.95463886488099	0	13.6	6.4	NA
1436	52	880	3.55534806148941	0	12.1	NA	NA
1437	75	NA	6.22455842927536	0	9.3	6.408	NA
1443	NA	NA	5.97126183979046	0	6.6	5.4	NA
1444	72	NA	7.30787278076371	0	7.6	6.328	NA
1445	95	NA	7.23705902612474	0	7.2	7.131	NA
1448	46	883	7.41818082272679	0	7.5	3.75	20
1452	NA	842	4.11087386417331	0	5.7	6.915	20
1460	96	950	4.60517018598809	0	8.3	6.43	22
1466	72	900	5.63121178182137	0	12.6	NA	20
1467	58	775	6.29526600143965	0	13.8	3.396	16
1468	33	830	5.46383180502561	0	23.2	NA	19
1469	57	1096	6.25958146406492	0	10.6	4.14	NA
1473	NA	875	4.61512051684126	0	15.1	NA	22
1479	44	994	6.86484777797086	0	16.5	3.75	25
1480	NA	NA	7.28824440102012	1	11.8	2.668	NA
1481	48	990	6.71659477352098	1	15.6	4.06	22
1486	35	NA	6.32256523992728	0	17.1	3.19	NA
1487	59	1076	5.90263333340137	0	12.8	NA	25
1488	68	912	5.92425579741453	0	17.4	4.865	23
1489	58	NA	8.01400499477946	1	23.1	4.06	NA
1495	NA	NA	5.72031177660741	0	12.1	4.38	NA
1505	65	890	5.75257263882563	0	19	5.6	21
1509	23	905	5.54907608489522	0	20.4	4.74	NA
1515	90	1059	5.94542060860658	0	13.3	5.22	25
1526	NA	853	5.30330490805908	0	72.4	4.65	21
1531	73	NA	6.19236248947487	0	12.5	4.565	NA
1535	66	NA	8.19505769089508	1	13.4	4.18	NA
1536	59	NA	7.40427911803727	0	5.9	6.526	NA
1537	47	1045	7.53689712956617	1	17	3.776	23
1538	NA	NA	5.78382518232974	0	13.9	4.564	NA
1540	90	807	4.36944785246702	0	15.1	2.9	20
1542	59	NA	4.91998092582813	0	7.7	NA	NA
1544	62	NA	6.36302810354047	1	17	NA	NA
1546	88	907	7.14124512235049	1	10.5	NA	NA
1551	53	804	6.67203294546107	0	14.9	4.238	19
1552	38	837	6.76849321164863	1	18.9	NA	NA
1554	63	NA	6.17378610390194	0	16.3	3.94	NA
1556	49	930	5.06259503302697	0	13.7	NA	NA
1557	18	766	7.09174211509515	0	12.6	2.37	NA
1561	32	890	6.65157187358973	1	16.5	NA	NA
1564	96	1220	7.11963563801764	0	5	6	28
1566	39	NA	6.47543271670409	1	13.9	2.37	NA
1569	70	NA	7.73017479524622	1	19.3	NA	NA
1570	36	940	5.6937321388027	1	17.3	3.219	22
1572	46	844	8.01763715990848	1	19.7	NA	NA
1573	26	850	5.79909265446053	1	18.1	2.415	20
1574	34	NA	7.12125245324454	1	19	NA	NA
1577	21	909	7.05703698169789	1	19.8	NA	NA
1578	75	780	5.17614973257383	0	12.5	NA	NA
1580	91	1002	6.33505425149806	0	9.2	4.081	24
1582	83	1026	6.58202513889283	0	17.8	5.49	24
1583	21	850	6.38856140554563	0	15.7	NA	19
1585	53	NA	6.65286302935335	1	17.5	NA	NA
1586	67	1119	5.2257466737132	0	13.1	NA	27
1587	27	NA	5.41610040220442	0	10.9	2.814	NA
1588	31	951	4.84418708645859	0	13.2	3.35	NA
1590	48	709	6.5875500148248	1	19	NA	17
1591	58	NA	5.10594547390058	0	13.2	NA	NA
1594	65	1002	6.09356977004514	0	12.5	5.565	23
1596	54	878	5.2040066870768	0	16.8	NA	21
1598	63	1086	8.10772006191053	1	14.7	3.6	NA
1599	45	841	7.36897040219479	1	20	2.94	21
1600	52	1013	4.69134788222914	0	7.6	NA	23
1601	40	868	7.19368581839511	1	19.2	2.973	NA
1602	52	811	6.7202201551353	1	21.4	2.739	19
1605	NA	850	4.63472898822964	0	14.1	5.49	19
1606	NA	NA	6.0591231955818	0	16.8	NA	20
1610	54	978	7.39449310721904	1	11.8	3.038	NA
1616	25	899	7.54327334670545	1	17	NA	21
1617	55	1011	5.06259503302697	0	9.4	3.235	24
1620	33	NA	7.03614849375054	1	16.5	NA	21
1621	44	842	6.0591231955818	1	12.1	NA	21
1624	58	NA	5.95324333428778	0	14.8	2.82	23
1626	45	980	7.19818357710194	1	13.5	NA	23
1633	71	NA	6.20859002609663	0	12.7	3.244	25
1634	56	NA	4.84418708645859	0	9.1	NA	21
1635	71	NA	4.70953020131233	0	9.7	NA	NA
1639	51	NA	5.04985600724954	0	14.3	NA	21
1641	85	1120	6.96696713861398	0	14.4	NA	25
1664	80	NA	5.07517381523383	0	17.5	NA	NA
1665	41	NA	7.0184017990692	0	13.4	NA	NA
1666	75	NA	5.2257466737132	0	12.1	NA	23
1671	63	1065	7.11232744471091	0	16.1	4.932	25
1674	76	NA	7.35564110297425	1	16.2	NA	22
1678	53	NA	4.72738781871234	0	10.6	3.45	22
1684	60	NA	5.26785815906333	0	14.3	NA	22
1688	52	1015	5.5683445037611	0	15.6	NA	23
1691	56	1102	6.16961073249146	0	12.3	NA	25
1692	54	NA	7.78655180642871	1	21	NA	22
1693	21	NA	6.44730586254121	1	15.1	NA	17
1694	18	NA	6.65544035036765	1	15.6	NA	18
1696	83	1151	6.15485809401642	0	12.9	4.09	28
1700	56	NA	4.91998092582813	0	10.6	NA	22
1703	80	870	4.79579054559674	0	15.9	NA	18
1704	79	1100	5.65599181081985	0	12.7	4.062	25
1706	77	NA	5.6021188208797	0	10.7	3.97	NA
1707	61	NA	5.97888576490112	0	14.3	4.52	20
1710	65	1011	6.76619171466035	0	6.2	NA	24
1717	59	NA	5.17614973257383	0	10.8	3.75	21
1722	52	NA	4.77912349311153	0	17.7	3.74	21
1724	75	1052	6.12249280951439	0	11.4	NA	24
1725	56	940	5.31811999384422	0	11.6	4.1	23
1733	71	NA	5.63121178182137	0	18.3	NA	17
1734	76	1039	5.73009978297357	0	16.4	NA	25
1735	74	992	5.17048399503815	0	13.1	4.345	22
1737	56	NA	7.78197323443438	1	17.3	NA	22
1739	92	1270	7.55066124310534	0	6.8	NA	29
1741	54	NA	5.96100533962327	0	14.6	NA	NA
1744	90	1044	4.85981240436167	0	9.6	5.344	NA
1745	80	1024	5.6937321388027	0	16.3	4.14	23
1748	NA	NA	5.27811465923052	0	12.3	NA	21
1749	77	NA	5.38449506278909	0	12.2	NA	19
1750	81	NA	4.94875989037817	0	12.9	NA	NA
1758	44	NA	7.67693714581808	1	14.9	3.256	22
1759	43	NA	6.90173720665657	1	16.5	3.598	21
1767	75	NA	5.59471137960184	0	11.6	NA	23
1768	55	NA	5.68697535633982	0	13.7	4.624	20
1772	28	NA	5.75890177387728	0	21.9	4.11	NA
1774	90	NA	6.82654522355659	0	5.3	6.38	NA
1775	81	1139	8.64909826229618	1	17.4	4.574	27
1776	34	NA	7.90470391387375	1	10	5.088	21
1780	55	NA	7.35436233042148	1	17.2	3.193	22
1781	85	NA	6.30627528694802	0	12.7	4.2	NA
1785	59	885	6.04737217904628	0	12.1	3.52	21
1786	51	895	8.25556865328375	1	17.7	NA	21
1787	NA	943	5.58724865840025	0	14.6	3	22
1788	83	1028	6.5510803350434	0	10.9	4.65	25
1792	82	NA	6.20455776256869	0	11.1	5.02	NA
1793	78	1120	5.61312810638807	0	10.6	4.056	25
1795	77	1036	6.5424719605068	0	15.8	4.34	NA
1798	60	1013	5.63835466933375	0	12.5	4.04	22
1799	72	1006	5.39816270151775	0	9.9	3.73	NA
1800	64	NA	5.11799381241676	0	15.3	3.818	21
1801	64	1040	5.75890177387728	0	10.6	3.485	24
1803	47	902	4.8283137373023	0	11.8	NA	21
1804	69	919	5.96100533962327	0	11.1	NA	21
1805	NA	937	5.11799381241676	0	15.4	NA	22
1808	38	813	7.16394668434255	1	22	3.192	18
1809	68	996	8.67812085552252	1	21.3	NA	24
1811	24	NA	6.42324696353352	1	13.8	NA	NA
1812	41	NA	7.44658509915773	1	16	NA	NA
1813	25	816	7.74109909003537	1	10.4	NA	19
1814	23	802	6.58340922215876	1	14.7	NA	NA
1815	33	NA	6.81014245011514	1	18.2	NA	NA
1816	33	NA	6.88755257166462	1	14.4	NA	NA
1817	33	NA	6.81454289725996	1	16.7	NA	NA
1820	64	950	5.47646355193151	0	11.8	3.85	22
1821	61	867	5.47227067367148	0	10.4	NA	NA
1822	34	863	5.90263333340137	0	39.8	3.782	21
1824	62	NA	5.61677109766657	0	11.5	2.984	NA
1825	67	998	8.67829111175856	1	18.2	NA	24
1827	NA	890	NA	1	NA	NA	22
1830	97	1210	5.9427993751267	0	13.6	4.206	30
1832	48	860	4.44265125649032	0	12.5	NA	21
1833	67	917	5.41610040220442	0	14.8	NA	22
1834	NA	NA	5.17048399503815	0	10.6	NA	NA
1835	75	814	4.47733681447821	0	10.2	4.13	20
1836	98	1026	5.97380961186926	0	9.9	4.514	25
1837	NA	NA	3.58351893845611	0	4.9	NA	NA
1838	98	1092	6.07993319509559	0	14.2	4	25
1839	65	911	5.62040086571715	0	12.8	NA	21
1840	97	1220	7.55276208421415	0	13.1	NA	NA
1842	95	NA	6.25382881157547	0	14.2	3.26	NA
1844	72	NA	5.54517744447956	0	9.9	4.195	NA
1846	58	795	5.04342511691925	0	13.1	NA	22
1847	78	1019	5.65248918026865	0	8.8	3.797	24
1850	67	NA	5.99396142730657	0	13.5	3.66	24
1852	74	NA	5.11799381241676	0	11	3.676	21
1854	67	1060	5.61677109766657	0	12.7	4.39	25
1856	64	1070	5.94803498918065	0	12.2	4.323	25
1859	87	NA	5.79301360838414	0	12.5	2.65	23
1860	77	1030	6.73221070646721	0	15	4.57	25
1866	47	949	5.48893772615669	0	23.6	3.1	22
1867	32	NA	5.4510384535657	0	12.6	3.36	20
1868	83	1244	6.06842558824411	0	9.5	4.618	29
1869	65	NA	8.14351740579748	1	19.2	NA	NA
1871	NA	NA	4.84418708645859	0	17.2	3.4	21
1873	70	NA	6.26720054854136	0	14.2	NA	23
1874	77	1110	6.3750248198281	0	13.8	3.56	25
1876	69	NA	4.53259949315326	0	12.3	3.64	20
1879	56	NA	5.47646355193151	0	13	3.678	22
1880	64	NA	5.06890420222023	0	11.3	3.555	NA
1881	21	NA	4.55387689160054	0	13.6	3.65	21
1883	68	NA	5.90263333340137	0	14.9	3.075	22
1887	70	NA	5.7037824746562	0	15.8	4.98	NA
1889	70	NA	5.62040086571715	0	14.1	4.02	22
1890	77	NA	7.52456122628536	1	16.3	2.93	23
1891	45	910	4.91998092582813	0	16.5	3.62	22
1892	62	NA	8.09009578318096	1	13.1	NA	NA
1893	78	NA	5.25749537202778	0	17.4	NA	22
1896	67	1035	5.84354441703136	0	12.4	3.61	24
1899	51	NA	4.81218435537242	0	12	3.64	19
1900	40	NA	4.9416424226093	0	13.3	3.11	NA
1903	65	NA	5.32787616878958	0	11	4.1	23
1904	48	NA	5.29831736654804	0	11.6	3.363	23
1905	56	NA	4.80402104473326	0	8.8	3.58	22
1915	44	NA	6.69208374250663	1	18.1	NA	NA
1918	49	NA	5.14749447681345	0	25	NA	20
1926	58	NA	6.70073110954781	1	23.2	NA	21
1927	50	NA	6.74875954749168	1	19.3	3.144	20
1928	54	NA	7.94909149983052	1	18.5	NA	NA
1929	68	NA	4.99721227376411	0	12.4	3.25	21
1933	48	NA	4.53259949315326	0	9.8	3.75	22
1937	46	NA	5.46383180502561	0	14.5	3.245	NA
1940	52	NA	4.31748811353631	0	11.8	NA	21
1943	53	NA	4.18965474202643	0	8.2	NA	NA
1945	36	843	4.84418708645859	0	16.1	NA	22
1946	53	NA	4.69134788222914	0	10	3.41	22
1948	57	NA	8.21093973337902	1	13.7	NA	23
1949	53	NA	6.32793678372919	1	13.8	3.21	NA
1950	32	NA	6.79794041297493	1	20.4	NA	21
1951	31	NA	5.66642668811243	0	19.4	2.48	NA
1952	NA	989	5.63478960316925	0	12.1	2.764	23
1954	84	989	5.73009978297357	0	13.1	2.95	23
1955	57	979	6.12029741895095	0	13.2	2.835	22
1958	56	NA	4.59511985013459	0	10.1	NA	NA
1959	49	NA	5.6970934865054	0	17.7	3.07	NA
1960	89	NA	4.57471097850338	0	10.6	NA	20
1961	74	1109	5.66296048013595	0	11.4	4.27	27
1962	63	890	5.98645200528444	0	13	NA	21
1963	39	NA	7.80180040190897	1	19.8	3.196	19
1964	55	NA	5.65599181081985	0	13.3	3.95	22
1968	19	NA	6.04973345523196	1	15	2.682	NA
1969	62	860	5.16478597392351	0	11.3	4.15	22
1972	NA	NA	5.94542060860658	0	19.3	3.55	18
1976	52	NA	7.17011954344963	1	19.9	NA	20
1977	52	NA	7.08170858610557	1	20.2	3.11	22
1980	61	NA	5.12989871492307	0	13.4	NA	NA
1987	70	1096	5.4971682252932	0	12.1	4.45	26
1988	64	830	5.17614973257383	0	14.1	NA	20
1989	52	NA	7.89170465933011	1	12.2	NA	25
1999	31	NA	7.50823877467866	1	11.1	NA	21
2001	66	964	5.38449506278909	0	10.5	3.892	23
2002	45	NA	7.64108424917491	1	19.1	3.149	NA
2003	66	1060	5.34710753071747	0	11.3	3.49	25
2004	61	NA	6.47850964220857	0	14.1	NA	20
2005	36	NA	6.99576615630485	1	21.8	NA	19
2006	58	NA	7.54960916515453	1	24.6	1.306	NA
2007	59	NA	5.35658627467201	0	10.5	NA	NA
2008	45	NA	7.32974968904151	1	20	2.325	22
2010	37	997	8.0323601479245	1	15.9	2.98	23
2013	35	NA	6.21460809842219	1	18.1	NA	NA
2015	19	947	7.31388683163346	1	17.9	3.123	21
2016	53	1050	6.57786135772105	0	11.7	5.87	25
2017	34	NA	7.32974968904151	1	21.1	2.31	19
2020	21	NA	7.51752085060303	1	20.6	NA	20
2021	33	NA	7.1929342212158	1	29.5	2.216	20
2023	73	NA	5.14166355650266	0	16.1	NA	NA
2024	29	NA	7.7393592026891	1	24.3	2.23	19
2026	35	NA	6.19440539110467	1	19.6	NA	17
2029	74	NA	7.10906213568717	0	9.1	5.95	NA
2031	30	NA	7.88758403166028	1	22.7	NA	19
2032	49	890	6.54391184556479	0	14.4	NA	21
2033	35	821	5.45958551414416	1	15.2	3.63	NA
2036	93	1230	6.3578422665081	0	9.8	NA	NA
2038	96	1220	6.03548143252476	0	11.2	5.885	NA
2039	91	1170	6.12249280951439	0	10.2	5.59	26
2040	59	NA	6.08221891037645	1	15.9	3.97	NA
2041	38	798	4.64439089914137	1	15	3.395	NA
2043	84	818	5.88887795833288	0	22	NA	NA
2050	64	900	5.57972982598622	0	11.4	NA	NA
2051	85	880	5.37989735354046	0	27.2	NA	NA
2052	75	830	4.93447393313069	0	21.8	4.45	NA
2053	56	989	7.46221493976819	1	14.5	NA	NA
2055	64	NA	5.14749447681345	1	15.1	3.68	NA
2062	17	741	6.00881318544259	1	22	4.075	NA
2065	75	970	5.17614973257383	0	11.5	NA	NA
2067	63	NA	4.61512051684126	0	13.9	3.45	NA
2068	NA	763	5.9427993751267	1	16.3	NA	18
2072	54	902	6.81454289725996	1	17.8	4.39	NA
2073	77	1111	5.51342874616498	0	9.2	6.174	NA
2076	72	994	5.17048399503815	0	14.4	NA	24
2077	90	1292	6.81454289725996	0	3.3	6.74	30
2078	80	1070	6.60394382460047	0	14.7	NA	NA
2083	29	871	7.21376830811864	1	18.2	NA	NA
2086	80	970	5.79301360838414	0	12.8	6.2	NA
2091	56	1045	6.60123011872888	1	17.9	4.69	22
2092	64	NA	4.80402104473326	0	7.2	NA	NA
2093	61	NA	4.83628190695148	0	9.8	5.72	NA
2095	63	1194	5.65248918026865	1	11.6	NA	NA
2099	60	983	7.10249935577465	1	17.6	4.48	NA
2101	94	1171	7.07411681619736	1	6.8	NA	NA
2103	63	1085	8.1341742721379	1	18.1	5.146	NA
2105	55	1083	6.89264164117209	1	18.4	4.408	23
2106	35	739	6.23048144757848	1	17.8	3.58	NA
2107	72	920	5.46806014113513	0	10.2	NA	NA
2108	65	1067	5.36597601502185	0	11.2	5.318	NA
2109	60	1011	5.62762111369064	0	12.5	5.34	NA
2114	69	NA	5.39362754635236	0	14.7	NA	NA
2115	100	1324	6.03548143252476	0	8.4	5.3	25
2117	82	NA	4.40671924726425	0	11.7	NA	NA
2118	88	NA	6.19644412779452	0	13.8	NA	NA
2120	80	1000	6.24222326545517	0	16.8	6.2	NA
2121	94	NA	6.00881318544259	0	16.8	6.985	NA
2124	82	NA	6.46146817635372	0	17.5	5.51	NA
2126	38	NA	6.56807791141198	0	10.2	NA	NA
2128	90	NA	7.67508185771633	0	16.6	6.96	NA
2130	72	1150	8.24538446812075	0	11.9	6.81	26
2132	46	NA	5.01727983681492	0	10.2	6.25	NA
2133	84	NA	6.60665018619822	0	9.8	6.75	NA
2139	79	NA	6.12468339089421	0	10.5	4.2	NA
2140	86	890	4.8283137373023	0	11.3	NA	NA
2141	95	1200	6.49072353450251	0	11.3	NA	NA
2143	58	810	5.64544689764324	0	8.7	5.45	NA
2145	70	980	5.29831736654804	0	17.3	NA	NA
2146	62	1020	6.19847871649231	0	18	7.782	NA
2148	NA	782	5.76519110278484	0	12.3	NA	NA
2153	66	992	5.64190707093811	0	14.2	4.07	NA
2155	100	NA	7.38150189450671	0	9.9	6.41	NA
2158	NA	800	5.14166355650266	0	9.1	NA	NA
2160	58	846	4.40671924726425	0	27.8	5.3	NA
2161	53	951	6.99668148817654	1	16.1	4.164	NA
2178	94	1381	6.98286275146894	0	10.1	5.975	31
2183	51	923	6.96979066990159	1	17.1	3.991	NA
2184	57	891	6.3578422665081	1	14.7	4.03	NA
2185	NA	911	6.37331978957701	1	21.2	3.366	NA
2187	57	897	5.48063892334199	1	14.2	4.33	NA
2188	45	802	7.19593722647557	1	21	3.514	NA
2189	65	880	6.71538338633468	1	15.7	3.788	NA
2190	40	832	6.29710931993394	1	21	3.9	NA
2192	84	1120	6.26530121273771	0	9	5.7	27
2193	77	NA	6.67834211465433	0	13.5	NA	NA
2197	NA	814	5.38449506278909	0	27.7	5.624	NA
2199	46	998	7.83082299513532	0	12.9	7.425	23
2201	67	764	4.8283137373023	0	8.9	6.48	20
2206	84	881	4.96284463025991	0	10.3	NA	NA
2208	79	940	5.68697535633982	0	8.9	NA	24
2209	90	NA	6.44888939414686	0	10.3	NA	NA
2210	56	905	6.91373735065968	1	15	NA	NA
2211	76	900	6.25190388316589	0	12.8	4.3	NA
2217	97	1010	6.37161184723186	0	13	NA	NA
2218	60	854	5.87493073085203	0	13.3	NA	NA
2219	92	NA	7.09423484592476	0	10.3	5.968	NA
2221	68	NA	8.24695803256818	1	16.7	3.897	NA
2222	41	895	6.68461172766793	1	14.5	NA	NA
2224	91	1230	6.361302477573	0	10.6	5.995	NA
2226	59	837	6.0137151560428	0	15.4	NA	NA
2227	71	1080	6.0330862217988	0	13.2	5.97	24
2228	74	853	5.08140436498446	0	9.6	NA	NA
2229	99	NA	6.26530121273771	0	9	5.79	NA
2233	82	1200	6.52502965784346	0	15.2	5.37	28
2234	54	NA	5.8171111599632	0	12.9	3.75	22
2235	73	NA	6.19236248947487	0	13.7	4.826	NA
2236	68	NA	5.95324333428778	0	15.3	4.552	26
2238	46	NA	5.77455154554441	0	11.5	3.09	20
2239	65	NA	5.3890717298165	0	12.7	NA	NA
2241	81	1072	6.81673588059497	0	14.8	3.71	25
2243	70	NA	7.83952558170468	1	20.4	NA	NA
2247	84	985	4.30406509320417	0	11.6	NA	20
2252	16	NA	4.93447393313069	0	12.9	NA	NA
2259	49	896	7.71512360363211	1	20.6	NA	21
2260	57	NA	8.1300590399928	1	18.2	NA	NA
2268	57	NA	7.35308192051543	1	20.6	NA	23
2272	79	1070	5.84932477994686	0	12	4.7	24
2273	72	NA	6.43615036836943	0	12.5	4.341	NA
2275	74	1201	5.82304589548302	0	12.4	5.094	27
2279	45	NA	5.74300318780948	0	15.8	NA	22
2282	57	NA	5.44241771052179	0	14.7	4.152	NA
2284	23	NA	4.8283137373023	0	10.6	1.98	NA
2290	71	982	8.72907355045174	1	14	3.734	23
2292	65	1132	6.93925394604151	1	17	3.978	26
2293	51	NA	6.25766758788264	1	19.9	4.186	20
2301	51	NA	7.26682734752059	1	22	NA	NA
2307	53	NA	7.06731984865348	1	19.7	NA	23
2308	51	NA	5.69035945432406	0	16	3.5	NA
2314	40	NA	6.53233429222235	1	18.2	NA	20
2316	47	NA	5.20948615284142	0	7.2	3.88	21
2318	49	NA	5.19849703126583	0	15.4	3.55	21
2323	51	937	6.0282785202307	0	13.5	3.996	21
2326	63	NA	6.78219205600679	1	18	NA	24
2327	64	NA	6.31173480915291	1	17.7	NA	NA
2329	41	NA	7.34148385236316	1	10.9	NA	21
2330	55	NA	7.91498300584839	1	24.7	4.1	23
2334	58	1040	5.54907608489522	0	12.8	NA	22
2336	46	NA	6.30261897574491	1	19.6	NA	NA
2340	91	NA	6.19236248947487	0	10.4	3.957	NA
2341	72	1010	6.2363695902037	0	13.1	4.221	23
2342	77	951	5.2257466737132	0	11.5	4.44	22
2343	72	930	5.62762111369064	0	11.6	NA	23
2345	89	994	6.71901315438526	0	13.8	4.037	23
2346	69	910	6.7202201551353	0	13.4	3.165	24
2347	45	NA	4.93447393313069	0	12.8	NA	NA
2353	80	1105	6.45204895443723	0	12.5	NA	25
2354	65	1110	5.79301360838414	0	13	4.194	25
2358	77	NA	6.11368217983223	0	11.9	4.772	NA
2360	68	NA	7.34407285057307	1	19	NA	NA
2367	60	NA	7.08086789669078	1	18.1	NA	22
2371	NA	944	5.8636311755981	0	14.5	3.003	22
2375	51	NA	6.2363695902037	1	16.5	NA	20
2377	58	NA	7.56060116276856	1	18.9	2.625	NA
2379	70	1020	6.09582456243222	0	12	4.081	24
2380	78	NA	5.90536184805457	0	18.8	3.6	21
2382	83	1100	6.61338421837956	0	10	3.75	26
2388	53	NA	7.41216033494521	1	19	NA	22
2389	51	1200	6.37672694789863	1	14.6	3.12	26
2394	58	950	7.1708884785125	1	20.2	NA	22
2396	35	NA	6.17586727010576	1	14.1	NA	18
2397	NA	922	4.79579054559674	0	15.8	NA	23
2398	66	NA	3.85014760171006	0	11.3	2.09	19
2403	58	NA	6.12905021006055	1	17.1	NA	NA
2410	41	NA	7.35308192051543	1	15.4	2.446	NA
2414	58	1120	5.76519110278484	0	12.7	4.502	26
2415	61	NA	5.7268477475872	0	16.5	2.47	23
2422	63	NA	5.94017125272043	1	15.8	NA	23
2423	53	NA	7.38336814699238	1	15.9	3.084	23
2424	56	NA	6.36302810354047	1	18.6	2.1	16
2433	49	NA	5.64190707093811	0	19.6	2.048	16
2439	53	NA	5.73979291217923	0	14.5	NA	NA
2440	53	NA	7.41997992366183	1	20.3	3.81	NA
2441	45	980	6.95272864462487	1	18.7	2.47	22
2447	19	NA	4.79579054559674	0	13.6	2.52	20
2449	54	900	4.45434729625351	0	10.6	NA	22
2453	49	NA	5.34710753071747	0	15.1	3.37	NA
2454	50	NA	7.26961674960817	1	19.7	3.288	21
2456	37	NA	4.88280192258637	0	15.3	3.7	20
2460	51	NA	5.61312810638807	0	14.1	NA	22
2461	67	NA	5.74939298590825	0	13.2	3.523	25
2464	62	NA	4.83628190695148	0	21.5	NA	NA
2473	58	919	5.2040066870768	0	9.4	NA	23
2479	NA	NA	6.53378883793334	1	14.4	2.728	18
2480	100	870	5.87493073085203	0	24.1	4.8	22
2482	61	963	5.12989871492307	0	13.1	NA	24
2488	100	NA	6.81673588059497	1	20.3	NA	NA
2489	27	800	5.75574221358691	0	17.4	5.05	18
2490	40	NA	6.7428806357919	1	19	2.611	19
2495	76	NA	7.39018142822643	1	15.7	NA	26
2496	54	NA	7.13648320859025	1	21.7	NA	NA
2498	49	NA	4.17438726989564	0	18.4	NA	NA
2499	79	NA	5.84354441703136	0	10.7	NA	NA
2500	87	NA	5.78689738136671	0	14.3	NA	21
2501	45	NA	7.24992553671799	1	17.1	3.54	NA
2502	71	NA	6.46458830368996	0	15.9	2.5	23
2503	56	NA	8.07215530818825	1	19.9	2.59	22
2506	67	NA	6.8627579130514	0	4.6	4.73	NA
2512	59	900	5.26785815906333	0	10.9	5.2	21
2516	58	1066	7.98616486033273	1	12.7	NA	25
2517	49	1202	6.71295620067707	1	14.4	NA	27
2518	44	NA	6.48463523563525	1	11.6	3.685	24
2519	48	NA	6.17170059741091	1	13.4	NA	NA
2520	90	NA	7.13409372119287	0	3.9	5.775	NA
2521	48	1005	5.42053499927229	0	20.6	4.34	23
2523	62	1000	5.21493575760899	0	12.5	4.05	24
2524	59	1060	5.75257263882563	0	11.2	2.97	24
2525	52	941	5.4249500174814	0	12.9	4.365	21
2526	58	950	5.56452040732269	0	14.1	NA	23
2527	NA	NA	5.59098698051086	0	11.8	1.88	NA
2530	40	NA	6.39024066706535	1	18.5	3.3	NA
2531	74	1056	5.76832099579377	1	16.4	3.4	22
2532	37	960	7.48380668766583	1	17.6	NA	23
2533	NA	NA	6.4150969591716	1	10.6	NA	NA
2534	68	870	5.59842195899838	0	11.3	3.362	21
2536	30	946	7.35436233042148	1	21.7	NA	22
2537	59	NA	5.54517744447956	1	16.4	NA	19
2539	80	NA	6.30444880242198	1	25	2.668	21
2540	47	NA	4.67282883446191	0	8.9	NA	NA
2541	80	NA	5.52942908751142	0	11.1	NA	NA
2542	85	NA	6.77536609093639	0	6.5	4.372	25
2543	54	NA	5.22035582507832	0	12.6	3.322	22
2544	60	NA	5.4971682252932	0	15.1	3	23
2548	52	NA	5.5683445037611	0	13	3.272	23
2551	55	NA	7.25629723969068	1	19	2.63	21
2553	56	NA	5.56068163101553	0	14.5	2.97	NA
2554	19	NA	7.47647238116391	1	19.7	NA	NA
2555	NA	NA	5.94542060860658	0	13.5	NA	23
2559	44	NA	6.12686918411419	1	20.1	2.624	20
2563	48	NA	5.12396397940326	0	8.5	2.69	NA
2565	53	960	8.16791936295782	1	15.1	3.145	22
2566	52	NA	6.58479139238572	1	20.3	2.66	20
2568	54	920	7.32909373624659	1	15.4	4.56	22
2569	37	903	7.37462901521894	1	14.8	4.952	21
2572	72	883	5.33753807970132	0	12.9	5.395	20
2573	98	1319	6.99117688712121	0	4.7	6.07	NA
2575	51	827	6.10031895202006	0	17.6	4.63	NA
2579	59	NA	5.29330482472449	0	9.5	5.335	NA
2580	76	816	5.67675380226828	0	38.4	4.74	NA
2584	33	815	4.67282883446191	0	12.1	4.9	NA
2586	81	NA	4.94875989037817	0	12.2	NA	NA
2587	97	993	6.24222326545517	0	14.5	NA	NA
2589	75	1012	7.83557924666997	1	17.5	3.862	NA
2590	61	887	6.71174039505618	1	16.1	4.165	NA
2591	NA	866	6.61740297797448	1	18.8	4.033	NA
2597	38	NA	5.59098698051086	0	14.4	NA	NA
2598	55	919	5.36129216570943	0	13.9	NA	NA
2599	24	970	4.49980967033027	0	9.5	NA	19
2600	78	950	4.80402104473326	0	11.4	NA	NA
2603	83	1188	5.77144112313002	0	10.2	5.566	NA
2608	76	915	4.84418708645859	0	12.2	3.95	NA
2609	51	988	6.54391184556479	1	22.1	NA	NA
2610	NA	850	5.04342511691925	0	11.2	NA	NA
2613	26	840	6.53813982376767	1	14.9	4.8	NA
2616	54	934	6.16961073249146	0	14.2	5.29	NA
2617	58	918	6.76272950693188	1	21.5	4.834	NA
2621	72	1066	6.18001665365257	1	13.5	5.376	NA
2622	40	880	7.00760061395185	1	17.2	3.84	NA
2625	38	913	7.01031186730723	1	23.5	4.17	NA
2627	99	1355	7.05012252026906	0	8.4	5.91	NA
2628	70	940	6.59304453414244	0	12.3	NA	NA
2631	58	988	6.21260609575152	1	17.4	4.748	NA
2632	64	938	6.90775527898214	0	14.4	6.484	NA
2638	53	807	6.27287700654617	0	12.1	5.52	NA
2639	79	1173	5.94017125272043	0	19	NA	NA
2642	81	1111	6.8501261661455	1	14.4	NA	NA
2644	43	810	6.10031895202006	0	14	NA	NA
2649	80	964	5.24174701505964	0	14	4.138	21
2650	20	850	3.29583686600433	0	14.3	3.382	19
2651	34	NA	6.38012253689976	1	19.6	NA	NA
2653	28	NA	6.00635315960173	1	17.4	2.38	17
2654	34	NA	5.4510384535657	1	13.7	NA	26
2657	40	NA	7.41637847919293	1	19.6	3.168	22
2664	47	NA	6.1527326947041	1	15.5	2.26	17
2666	56	957	6.23832462503951	0	12.2	NA	NA
2667	42	840	6.01615715969835	0	12.4	NA	18
2668	73	NA	6.15697898558556	0	11.3	5.406	NA
2671	79	NA	5.65248918026865	0	10.4	NA	NA
2681	64	NA	6.62406522779989	0	14.6	5.34	NA
2685	118	781	6.26720054854136	0	14.3	4.84	19
2687	43	916	7.22037383672395	1	15.6	NA	NA
2688	34	893	7.14598446771439	1	12.8	NA	NA
2689	39	845	7.25700270709207	1	14.1	NA	NA
2690	46	907	7.4667994750186	1	12.5	NA	NA
2699	77	1130	6.32256523992728	0	15.8	5.58	NA
2701	93	1186	6.58892647753352	0	10.5	5.565	27
2703	83	928	5.17614973257383	0	11.9	NA	23
2704	NA	830	4.96284463025991	0	37.5	NA	NA
2705	64	NA	5.51745289646471	0	14.3	NA	NA
2707	99	1300	6.7696419768525	0	5.9	6.664	NA
2708	91	1220	6.27476202124194	0	10.3	8.124	NA
2709	53	902	4.61512051684126	0	9.5	4.33	NA
2710	95	1340	5.28320372873799	0	8.1	8.7	NA
2711	93	NA	8.09742629859721	0	6.9	6.238	NA
2712	46	932	5.05624580534831	0	14.6	NA	22
2713	54	NA	4.68213122712422	0	12.7	NA	NA
2718	64	959	5.84354441703136	0	21.5	5.04	23
2722	80	1041	6.84800527457636	0	14.4	NA	NA
2728	91	1122	6.11809719804135	0	9.6	5.05	NA
2729	73	1002	6.06378520868761	0	12.3	4.78	23
2731	79	NA	6.21460809842219	0	12.1	5.841	NA
2732	60	1010	7.20711885620776	0	13.9	5.92	24
2734	67	1043	5.71042701737487	0	15	3.55	24
2735	NA	700	4.68213122712422	0	14.3	4.31	18
2737	66	867	6.81673588059497	0	16	NA	19
2739	75	NA	7.2211050981825	0	11.5	6.192	NA
2741	55	1040	2.89037175789616	0	7.2	NA	NA
2744	51	946	5.15905529921453	0	13.3	NA	22
2745	NA	907	3.97029191355212	0	7	3.92	25
2748	94	NA	6.05208916892442	0	13.3	4.84	NA
2758	79	1006	6.33327962813969	0	13.6	NA	NA
2760	70	1024	5.35658627467201	0	11.3	6.55	NA
2765	69	990	6.72142570079064	0	17.6	5.925	25
2768	77	916	4.76217393479776	0	10.3	NA	NA
2769	68	960	5.47646355193151	0	11.7	NA	24
2772	NA	NA	6.66949808985788	0	13.8	NA	NA
2775	80	903	5.22035582507832	0	9.7	NA	NA
2777	NA	NA	4.96284463025991	0	16.2	4.4	NA
2778	88	900	5.47227067367148	0	15.3	NA	19
2779	61	1034	5.5834963087817	0	13.6	NA	24
2785	71	1146	7.82604401351897	0	7.8	NA	NA
2788	65	NA	6.1463292576689	0	14.2	NA	NA
2790	55	905	5.07517381523383	0	11.6	3.81	21
2791	62	958	7.32778053842163	0	13.8	4.76	NA
2796	62	1110	5.71042701737487	0	10.4	NA	NA
2798	58	950	5.67675380226828	0	10.8	6.74	NA
2803	70	NA	6.84161547647759	0	15.4	NA	28
2805	46	967	5.35658627467201	0	13.4	3.546	21
2806	68	1075	7.23056315340929	0	10.8	5.67	26
2808	NA	890	5.59471137960184	0	23.8	NA	NA
2810	64	984	5.92157841964382	0	8.2	NA	22
2813	83	1150	5.57215403217776	0	6.1	6.694	NA
2814	81	1090	6.3818160174061	0	12.7	5.685	25
2816	100	1051	6.4425401664682	0	14.1	5.1	24
2817	78	1013	5.92692602597041	0	17.7	4.927	25
2820	45	NA	5.99396142730657	0	19.3	NA	NA
2821	66	990	5.86929691313377	0	14.5	5.6	22
2823	65	932	7.78821155784708	0	29.3	NA	NA
2825	74	917	5.40267738187228	0	13.6	NA	19
2829	85	1083	6.22455842927536	0	11.5	5.73	NA
2832	67	825	5.37063802812766	0	16.1	NA	NA
2835	74	1086	7.51914995766982	1	17.4	4.355	NA
2836	80	1148	7.4713630881871	1	18	4.598	26
2838	57	1006	7.45240245122364	1	10.5	NA	NA
2841	49	952	6.80682936039218	1	19	4.46	22
2842	42	864	6.93244789157251	1	18.7	4.04	NA
2843	53	984	6.94312242281943	1	17.8	4.68	23
2844	66	997	6.70196036600254	1	16.3	4.42	23
2845	76	1149	7.04141166379481	1	19.1	4.17	26
2846	53	1016	6.48616078894409	1	15.3	4.24	24
2847	60	972	6.77078942390898	1	17.1	4.952	22
2848	63	1030	7.28892769452126	1	22	4.81	24
2849	65	980	6.74875954749168	1	17.9	4.176	22
2850	59	1040	6.47697236288968	1	15.1	4.66	23
2882	67	NA	7.80057265467065	0	11.3	6.87	NA
2883	65	933	5.54517744447956	0	12.3	NA	28
2889	88	NA	6.26909628370626	0	11.5	6.204	28
2892	71	NA	5.64544689764324	1	12.8	NA	NA
2893	95	1211	7.10002716662926	1	8.8	NA	28
2894	80	NA	7.12528309151071	0	5.9	6.582	NA
2895	90	1228	6.48157712927643	0	9.7	NA	27
2899	75	990	6.0330862217988	0	13.2	NA	NA
2901	69	1080	4.86753445045558	0	8.3	NA	24
2903	63	1174	6.40687998606931	0	5.2	4.192	NA
2905	44	825	7.26473017792987	1	16.7	NA	NA
2906	70	990	7.55485852104068	1	18.3	2.54	22
2907	37	1054	5.97635090929793	1	13	3.42	24
2908	67	840	5.43372200355424	0	13.7	3.44	NA
2909	34	600	6.17378610390194	0	13.5	2.795	NA
2910	52	890	4.85981240436167	0	13.2	NA	NA
2911	44	780	5.26269018890489	0	12.1	3.095	17
2913	63	915	6.48768401848461	0	21.8	NA	NA
2914	55	915	5.67332326717149	0	13.5	NA	NA
2918	94	1230	6.11368217983223	0	12	5.07	29
2920	97	1302	7.36707705988101	0	5	5.95	30
2923	58	921	7.79770203551669	1	13.2	3.24	18
2926	51	NA	6.00388706710654	1	14.1	2.648	NA
2927	63	922	6.75460409948796	0	18.9	3.883	NA
2928	24	816	6.11368217983223	1	15.1	2.55	NA
2929	29	845	5.80513496891649	0	15.2	4.27	19
2930	39	923	5.17048399503815	0	13	NA	NA
2931	65	1030	5.78689738136671	0	15.6	5.16	24
2933	62	879	5.84932477994686	0	17.8	4.05	NA
2936	37	NA	6.00881318544259	0	14.2	2.191	NA
2939	NA	757	5.37527840768417	0	13.2	1.56	NA
2941	66	921	5.55682806169954	0	12	4	21
2942	92	NA	5.37989735354046	0	10.4	3.4	NA
2944	69	848	5.95324333428778	0	11.9	3.55	20
2945	82	NA	5.92958914338989	0	13.9	NA	NA
2946	56	NA	5.69035945432406	0	11.4	3.55	NA
2948	15	870	4.63472898822964	0	11.1	3.372	20
2950	40	NA	6.3261494731551	1	15.4	3.136	NA
2951	52	826	5.27299955856375	0	12.7	4.23	20
2954	48	818	6.08677472691231	1	15	2.76	NA
2955	48	831	5.06890420222023	0	12.2	NA	NA
2957	58	1005	5.03695260241363	0	14	4.97	26
2960	60	1002	4.88280192258637	0	11.2	6.3	24
2962	69	NA	6.42971947803914	0	14.4	1.738	NA
2967	56	915	5.13579843705026	0	13.8	4.575	NA
2968	56	813	6.12468339089421	0	14	3.2	NA
2972	62	1071	8.06337782236703	1	17.5	3.54	NA
2974	83	1121	8.11102783819368	1	8.9	4.2	NA
2975	62	926	7.45587668749182	1	16.8	NA	21
2976	53	956	7.3132203870903	1	15.5	3.505	NA
2978	89	NA	6.80572255341699	0	4.3	NA	NA
2979	63	NA	4.71849887129509	0	11.4	NA	NA
2981	55	867	6.96318998587024	1	14.6	2.38	NA
2984	55	935	7.27862894232068	1	19.1	3.68	21
2985	91	842	5.94803498918065	0	13.9	3.4	22
2986	46	774	5.95324333428778	0	13.5	2.762	NA
2989	46	NA	5.76519110278484	1	16.5	2.146	21
2990	54	NA	5.5683445037611	0	17	3.05	22
2992	48	NA	5.8348107370626	0	18	2.855	21
2993	51	NA	5.03043792139244	1	15.7	NA	20
2994	NA	NA	6.52356230614951	1	20.1	1.912	21
3005	49	1000	7.40974195408092	1	15.9	2.703	23
3008	40	NA	5.35658627467201	1	14.9	2.57	NA
3011	NA	850	3.49650756146648	0	7.5	NA	17
3012	66	848	6.04973345523196	0	17.4	4.684	21
3014	85	997	6.49526555593701	0	17.6	4.41	23
3016	58	972	5.34233425196481	0	13.3	3.99	23
3018	67	946	8.03138533062553	1	21.1	3.352	22
3023	83	NA	6.10702288774225	0	12.1	NA	23
3024	67	NA	6.5694814204143	0	2.9	4.73	NA
3025	64	1010	6.42324696353352	0	15.3	4.41	24
3026	NA	NA	6.59167373200866	1	21.1	NA	NA
3032	35	848	7.1731917424866	1	18.5	NA	20
3033	100	920	5.47227067367148	0	11.1	4.43	21
3036	83	1004	5.42934562895444	0	14.9	4.4	24
3037	69	1100	6.31535800152234	0	11.1	4.69	24
3041	56	819	5.15905529921453	0	12.8	NA	21
3042	81	NA	6.27852142416584	0	11.6	4.72	NA
3045	NA	NA	6.02102334934953	0	12.4	5.03	22
3046	33	NA	6.7696419768525	0	19.6	NA	NA
3048	65	920	5.48479693349065	0	12.5	4.41	22
3049	79	1050	5.4971682252932	0	10.6	NA	24
3050	89	1063	6.7093043402583	0	14.5	5.55	23
3051	46	886	8.9126079636709	1	20.8	NA	21
3065	88	1163	6.01126717440416	0	11.1	3.69	27
3069	46	NA	3.46573590279973	0	9.6	NA	19
3072	55	912	6.0591231955818	0	17.6	3.7	21
3073	96	NA	5.8348107370626	0	13.2	3.92	NA
3083	81	NA	6.12686918411419	0	16.7	3.53	23
3084	73	926	5.92692602597041	0	13.4	3.914	22
3085	NA	838	3.73766961828337	0	8.7	NA	19
3086	83	1219	6.5191472879404	0	10.1	5.82	29
3089	83	1006	6.50578406012823	0	14.5	4.08	24
3100	64	993	8.06557942728209	1	20.4	4.095	24
3109	75	1103	6.12686918411419	0	12.1	5.65	25
3110	87	NA	6.0591231955818	0	13.9	NA	24
3121	39	680	5.53733426701854	0	19	3.8	19
3123	43	880	8.07433769408951	1	16.7	3.844	20
3125	54	997	7.78655180642871	1	10.8	4.697	23
3127	93	1082	7.3178761986265	0	14.8	4.22	25
3131	48	951	7.33106030521863	1	20.4	3.719	20
3133	NA	NA	4.88280192258637	0	15	4.14	19
3134	68	838	4.45434729625351	0	10.5	4.202	21
3135	68	NA	6.16751649088834	0	11.3	NA	22
3141	NA	1042	5.4249500174814	0	13.4	3.392	24
3142	67	NA	5.41610040220442	0	13.3	NA	NA
3143	78	1101	6.35437004079735	0	12.8	4.404	25
3144	83	996	6.54391184556479	0	13.3	4.96	24
3145	50	NA	7.55328660560042	1	18	NA	20
3149	44	NA	5.76519110278484	0	20.8	3.717	21
3150	36	NA	7.12125245324454	0	19.9	NA	19
3151	NA	870	4.39444915467244	0	8.4	2.9	22
3152	31	NA	7.18992217074581	1	22.8	NA	21
3154	NA	NA	6.25382881157547	1	18.5	NA	20
3157	NA	NA	5.99146454710798	0	41.7	2.58	NA
3161	25	NA	NA	1	20.2	NA	21
3163	29	NA	5.84643877505772	1	16.2	NA	NA
3164	50	NA	6.18208490671663	0	15.1	3.14	24
3165	45	920	5.86078622346587	0	16.2	3.15	22
3166	40	1032	5.61677109766657	0	14.6	NA	23
3167	43	NA	5.33753807970132	1	23.6	1.92	20
3170	48	1017	7.68753876620163	1	15.3	3.346	24
3174	29	NA	5.52545293913178	1	18.1	1.8	20
3175	39	888	5.15905529921453	0	11.6	NA	22
3179	53	NA	6.10255859461357	1	19.6	NA	20
3181	NA	NA	6.82437367004309	1	NA	NA	20
3184	44	NA	7.71110125184016	1	11.5	NA	24
3185	47	1101	6.54534966033442	0	11.5	NA	24
3191	41	900	4.39444915467244	0	14.3	NA	19
3193	NA	NA	5.87493073085203	1	11.9	NA	NA
3194	52	960	5.68357976733868	0	13.5	4.13	NA
3197	69	NA	6.1779441140506	0	12.3	4.79	NA
3198	81	1051	6.12686918411419	0	17.8	4.21	25
3208	NA	920	NA	0	16.9	NA	NA
3209	NA	899	6.54391184556479	1	20	NA	NA
3210	45	965	7.40062057737113	1	13.9	3.444	22
3211	41	903	5.6021188208797	1	14.7	NA	NA
3212	42	1021	5.66296048013595	0	10.9	3.994	24
3216	24	900	6.72982407048948	1	20	4.365	22
3217	68	1235	5.78996017089725	0	11.8	5.49	28
3219	NA	919	6.64378973314767	1	17.6	NA	21
3223	54	NA	7.84227877911735	1	19.7	NA	NA
3224	72	1001	6.03787091992214	0	13.2	4.1	NA
3225	29	875	3.97029191355212	0	12.9	NA	21
3227	68	1100	5.97888576490112	0	13.3	NA	25
3229	80	1023	5.4249500174814	0	11.3	4.4	24
3230	76	NA	6.18208490671663	0	9.9	4.44	NA
3233	72	840	5.12396397940326	0	10.8	NA	18
3235	73	965	5.85220247977447	0	12.2	NA	NA
3237	89	1260	5.74620319054015	0	12.3	NA	NA
3238	93	NA	6.75925527066369	0	14.2	4.75	NA
3241	71	853	5.41164605185504	0	16.5	NA	NA
3242	74	1234	7.0825485693553	0	9.2	5.69	28
3243	74	960	5.28826703069454	0	11.7	NA	21
3244	52	972	4.51085950651685	0	9.3	5.23	22
3245	73	968	4.83628190695148	0	8.3	NA	NA
3247	96	NA	5.75890177387728	0	12.9	5.76	NA
3252	65	913	6.07534603108868	0	19.3	4.53	NA
3253	87	NA	6.18826412308259	0	11.2	5	NA
3256	61	1015	7.01929665371504	0	13.1	6.18	NA
3258	75	NA	6.91075078796194	0	13.8	5.114	NA
3259	54	931	5.10594547390058	0	13.6	4.8	23
3262	81	1038	6.05443934626937	0	12.8	4.4	NA
3265	86	1100	6.23048144757848	0	10.9	NA	26
3266	65	982	6.5191472879404	0	13.3	4.28	23
3267	74	962	5.46806014113513	0	20.1	4.82	22
3268	83	NA	6.35437004079735	0	12.1	4.328	NA
3269	100	1144	6.35088571671474	0	18.4	NA	27
3270	96	970	4.64439089914137	0	7.8	NA	NA
3274	95	NA	5.67675380226828	0	10.6	6.235	NA
3275	74	NA	5.12989871492307	0	11.2	NA	NA
3276	69	850	4.63472898822964	0	11.2	NA	NA
3277	63	941	7.39326309476384	1	20.6	2.906	NA
3279	80	1067	5.6970934865054	0	12.7	4.46	NA
3282	87	959	5.9427993751267	0	15.6	5.16	NA
3284	92	NA	6.3491389913798	0	10.5	5.74	NA
3287	84	1050	6.43294009273918	0	15.1	5.61	NA
3288	85	988	5.76832099579377	0	12.3	NA	NA
3289	91	NA	6.99576615630485	0	12.5	5.58	NA
3290	45	774	5.78689738136671	1	12.6	3.4	NA
3293	72	944	5.89440283426485	0	14	4.3	21
3296	66	919	5.77765232322266	0	11.8	4.5	NA
3297	78	NA	5.98393628068719	0	16.7	NA	NA
3298	89	1046	6.4085287910595	0	14.1	5.08	24
3301	74	NA	5.71373280550937	0	15.2	4.73	NA
3303	68	NA	5.11198778835654	0	10.9	NA	NA
3304	83	1071	6.13556489108174	0	12.8	4.565	24
3313	63	1012	6.21860011969173	0	12.6	NA	20
3315	75	989	6.93244789157251	1	18	2.948	NA
3316	58	806	6.93537044601511	1	16.3	NA	NA
3317	NA	NA	5.65948221575962	1	13	3.34	NA
3320	54	896	6.70686233660275	1	19.4	3.256	NA
3321	54	NA	7.20711885620776	1	19	3.65	NA
3322	57	957	7.0352685992811	1	19.4	2.97	NA
3323	63	970	6.47850964220857	1	16.1	NA	NA
3324	55	NA	6.40687998606931	1	15.9	3.364	NA
3325	71	1014	6.86693328446188	1	16.8	3.83	NA
3326	72	997	7.01750614294126	1	18.8	3.504	NA
3327	56	NA	7.12367278520461	1	16.9	3.256	NA
3328	52	945	7.22402480828583	1	15.3	NA	NA
3350	57	895	5.66988092298052	0	7.5	NA	NA
3354	68	930	6.14846829591765	0	12.9	5.062	NA
3357	66	842	5.33271879326537	0	14.5	NA	21
3359	58	853	5.95842469302978	0	18.5	4.326	20
3362	71	NA	5.28320372873799	0	11.2	4.18	NA
3366	69	NA	5.64897423816121	0	19.3	NA	NA
3367	83	1041	6.65415252018322	0	17.4	NA	NA
3368	88	NA	5.62762111369064	0	12.3	3.936	NA
3369	90	NA	6.14203740558736	0	13.9	4.71	NA
3370	95	1302	6.02344759296103	0	8.8	6.584	NA
3371	45	963	7.78280726283969	1	11.2	5.282	NA
3376	60	862	5.53338948872752	0	11.6	4.958	20
3378	93	1274	7.80954132465341	0	6.3	7.27	29
3379	66	1017	7.82524529143177	1	7.8	4.56	NA
3384	92	1070	6.8134445995109	0	14.1	5.986	NA
3385	79	1079	5.73009978297357	0	11.6	NA	NA
3388	96	1127	7.29776828253138	0	13.4	6.507	NA
3389	86	NA	5.8111409929767	0	12.1	4.005	NA
3391	63	NA	5.78074351579233	0	16.2	3.62	NA
3392	80	1000	5.93224518744801	0	12.5	3.615	24
3394	67	NA	6.07304453410041	0	13.3	5.13	NA
3396	67	930	3.8286413964891	0	8.3	NA	NA
3399	99	986	6.53813982376767	0	18.1	3.56	NA
3401	97	1300	7.28756064030972	0	7.6	5.926	28
3402	82	983	6.44888939414686	0	19	6.41	NA
3406	96	1022	6.880384082186	0	18.4	6.2	25
3407	47	NA	6.93731408122368	1	15.7	5.137	NA
3409	96	1059	5.93753620508243	0	10	6.672	NA
3411	71	875	5.89164421182577	0	9.6	NA	NA
3414	63	964	7.5847730776122	1	16.6	5.558	NA
3419	39	947	5.98393628068719	0	19.2	NA	NA
3420	48	NA	5.83188247728352	0	14.6	NA	NA
3422	58	813	4.47733681447821	0	15.2	3.08	18
3423	84	NA	6.4150969591716	1	17.1	2.439	NA
3424	21	NA	6.21260609575152	0	16.9	2.46	NA
3425	73	1052	7.74109909003537	1	18	3.61	NA
3427	75	900	5.68697535633982	0	12.1	4.516	NA
3428	51	1019	7.14282740116162	1	17.2	3.46	22
3430	76	893	5.48893772615669	0	14.7	NA	NA
3431	75	NA	5.00394630594546	0	10.2	NA	NA
3432	67	1014	5.11799381241676	0	13.5	3.84	NA
3434	82	1112	6.52941883826223	0	13.5	4.048	NA
3435	51	861	6.23441072571837	1	17	2.987	18
3436	NA	NA	5.91079664404053	0	11.2	NA	NA
3439	60	NA	5.79909265446053	0	18.6	NA	NA
3440	83	884	5.03695260241363	0	11.4	2.6	20
3445	85	1100	5.71042701737487	0	13.4	3.635	26
3446	NA	703	6.85224256905188	1	18.3	2.736	17
3448	63	985	7.75276480885133	1	16.9	NA	22
3449	48	905	5.93224518744801	1	14.8	NA	21
3451	51	NA	6.59578051396131	1	17	4.09	NA
3455	58	670	5.23644196282995	0	22.9	NA	16
3456	59	986	6.64509096950564	1	12.8	3.392	18
3457	75	1081	5.60947179518496	0	15.3	NA	24
3458	69	NA	5.72358510195238	0	10.4	3.244	NA
3459	51	NA	6.37672694789863	1	29.2	NA	NA
3461	75	NA	4.90527477843843	0	11.4	NA	20
3463	35	NA	5.43372200355424	1	19.4	2.604	20
3464	21	NA	4.82028156560504	0	12.9	3.09	NA
3465	44	NA	4.83628190695148	0	11.7	NA	20
3466	54	NA	7.6275443904885	1	20.2	2.202	20
3469	48	NA	5.35185813347607	0	14.8	3.064	22
3470	NA	NA	6.76388490856244	1	15.5	2.9	24
3471	67	NA	7.43897159239586	1	15	2.19	23
3478	36	NA	7.07242190053737	1	18.2	2.93	21
3479	49	1012	6.17586727010576	0	11.1	3.664	24
3480	35	NA	4.64439089914137	0	11.7	NA	NA
3481	67	NA	6.13988455222626	0	13.6	3.15	23
3482	63	1010	5.41164605185504	0	11.1	3.26	24
3484	56	1048	5.19849703126583	0	19	3.744	24
3485	37	NA	5.29330482472449	0	11.3	2.95	NA
3486	73	980	6.4150969591716	0	16.2	3.34	23
3487	42	850	7.17242457712485	1	14	3.4	21
3490	43	881	5.42053499927229	0	12.5	3.69	21
3492	62	943	5.74939298590825	0	16.1	3.34	22
3496	65	NA	4.95582705760126	0	10.7	3.35	NA
3497	NA	NA	5.68017260901707	0	11.1	3.15	NA
3498	60	NA	5.41164605185504	0	16.1	3.43	22
3500	52	916	6.11589212548303	0	18.5	3.32	21
3501	NA	NA	5.17614973257383	0	16.2	1.7	NA
3502	53	NA	5.89440283426485	0	14.6	2.89	23
3505	51	953	5.17048399503815	0	11.1	4.208	23
3509	33	NA	7.43307534889858	1	16.9	NA	22
3510	39	942	7.66481578528574	1	19.2	2.558	20
3511	64	NA	5.24174701505964	0	12	3.3	23
3518	59	NA	5.85507192220243	0	14.1	3.496	NA
3519	77	NA	5.96870755998537	0	10.8	4.768	NA
3522	41	NA	6.58063913728495	1	18.6	2.29	NA
3523	54	NA	7.36518012602101	1	16.9	3.63	NA
3525	36	810	4.59511985013459	0	8.9	3.64	19
3526	49	NA	4.97673374242057	0	14	3.27	NA
3527	52	790	4.97673374242057	0	21.9	NA	19
3528	NA	NA	6.00635315960173	0	13.5	2.53	24
3529	39	NA	6.89871453432999	1	16.8	3.304	22
3530	53	993	8.0106915391303	1	16.5	3.262	23
3531	48	NA	7.02375895473844	1	19.6	2.89	22
3534	82	1158	5.78689738136671	0	10.3	4.08	27
3535	83	1199	7.3125534981026	0	5.8	6.525	28
3536	62	NA	4.68213122712422	0	12.6	3.95	NA
3537	60	NA	6.58063913728495	0	18.1	NA	22
3541	34	950	6.92362862813843	1	23.1	3.592	22
3543	71	1052	5.68697535633982	0	13	NA	24
3557	42	871	4.66343909411207	0	12.1	NA	20
3560	87	932	5.04342511691925	0	14.4	3.27	22
3564	38	NA	5.57972982598622	0	15.7	2.78	21
3565	35	878	6.57786135772105	1	21.8	NA	21
3571	38	980	5.85793315448346	0	13.7	2.98	22
3575	37	863	5.77455154554441	0	12.7	2.992	20
3576	56	930	5.37063802812766	0	14	NA	22
3577	NA	786	4.7361984483945	0	11	3.624	16
3578	95	921	5.95583736946483	0	11.4	4.689	21
3581	26	872	6.94985645500077	1	18.4	3.04	20
3584	56	1043	5.31811999384422	0	20.8	NA	24
3586	39	NA	5.61677109766657	0	11.9	NA	21
3588	NA	NA	5.55682806169954	0	16.4	3.136	NA
3591	32	908	5.23110861685459	0	11	NA	21
3592	36	NA	6.62140565176413	1	21.6	3.436	NA
3594	35	993	7.6251071482389	1	22.6	3.579	23
3598	37	841	5.68697535633982	0	14.9	3.644	NA
3599	16	NA	7.49554194388426	1	22.9	NA	NA
3604	91	NA	6.45047042214418	0	8.6	5.725	NA
3606	43	NA	7.36327958696304	1	27.2	2.99	21
3610	52	890	4.87519732320115	0	11.8	5.9	22
3613	72	NA	7.06133436691044	0	13.5	5.078	NA
3615	39	907	7.79193595693806	1	21.2	NA	21
3619	36	814	5.14749447681345	0	13	3.736	21
3620	67	1103	5.8636311755981	0	11.3	4.675	25
3621	46	921	5.92692602597041	0	15.7	NA	22
3623	72	970	6.02586597382531	0	16.2	NA	22
3624	50	939	7.72841577984104	1	21.4	NA	21
3625	28	744	5.72031177660741	1	18.8	2.98	17
3630	35	709	6.96696713861398	1	19.4	3.5	17
3631	41	832	6.82762923450285	1	21.9	2.784	20
3636	64	NA	7.08590146436561	0	14.8	3.32	NA
3637	25	657	5.32787616878958	0	12.1	3.06	11
3638	26	620	5.24174701505964	0	18.4	2.43	16
3639	42	NA	6.96129604591017	1	19.7	NA	18
3641	50	934	5.37063802812766	0	13.8	3.41	22
3642	10	810	7.86480400332846	1	18.2	3.36	19
3644	41	982	7.99193051985248	1	24.7	NA	23
3645	43	841	5.63121178182137	0	14.5	NA	20
3646	35	NA	6.16120732169508	1	14.3	2.942	NA
3647	93	1210	6.39859493453521	0	9.6	5.15	NA
3651	63	1143	5.50533153593236	0	13.4	6.23	26
3652	32	984	7.67322312112171	1	14.6	NA	22
3654	62	1060	5.22035582507832	0	12.6	3.67	26
3656	29	940	7.27793857294566	1	21	2.78	21
3658	65	1126	8.58091888229678	1	19.7	3.309	25
3661	NA	NA	7.71957398925958	1	23.1	NA	19
3663	91	910	5.27811465923052	0	13.6	2.791	20
3665	34	890	6.93049476595163	1	21.9	2.706	21
3670	33	NA	8.43706714693695	0	20.5	3.58	NA
3675	37	1027	7.78322401633604	1	12.8	3.975	24
3677	NA	1000	7.793999089504	1	18.7	3.315	22
3678	59	NA	6.75227037614174	1	20.5	NA	NA
3680	38	NA	7.46737106691756	1	23.9	2.595	21
3681	50	NA	5.36129216570943	0	10.5	4.05	NA
3682	55	1116	4.7361984483945	0	10.1	4.1	NA
3683	79	875	5.89440283426485	1	14.7	4.69	21
3685	76	790	4.00733318523247	0	9.5	NA	NA
3686	100	1000	3.89182029811063	0	14.5	NA	NA
3687	76	880	5.28826703069454	0	14	NA	NA
3688	36	848	5.63121178182137	1	14.4	4.69	NA
3689	51	NA	5.40717177146012	1	12.6	4.64	NA
3690	61	1070	4.14313472639153	0	7.5	NA	NA
3691	97	NA	6.11146733950268	0	10.5	NA	NA
3692	63	NA	6.4393503711001	0	13.1	NA	20
3693	57	NA	4.68213122712422	0	13.4	4.514	NA
3694	84	1003	6.13772705408623	0	14.5	5.86	NA
3695	78	830	4.51085950651685	0	10.4	5.208	NA
3696	79	1041	7.45876269238096	1	9.9	4.928	NA
3702	48	893	5.14749447681345	0	22.4	NA	NA
3703	53	819	5.19849703126583	0	17.8	4.35	20
3704	82	NA	5.67675380226828	0	13.2	4.725	NA
3705	93	1240	7.10414409298753	1	12.1	4.298	NA
3706	48	870	6.0591231955818	1	21.2	NA	NA
3708	82	NA	5.4249500174814	0	11.4	3.8	NA
3709	82	930	5.42053499927229	0	13.9	4.408	23
3711	22	819	5.8171111599632	0	12.5	NA	NA
3713	69	1081	5.7268477475872	0	13.3	4.773	NA
3714	70	917	7.26752542782817	0	14	3.518	NA
3715	72	1007	5.37063802812766	0	11.1	5.515	23
3719	62	952	6.58479139238572	1	18.4	NA	23
3720	70	NA	5.90263333340137	0	12.4	5.4	NA
3721	98	1107	7.64108424917491	1	17.9	NA	NA
3723	90	929	5.29330482472449	0	6.8	NA	NA
3724	55	907	5.36597601502185	0	10.6	NA	NA
3728	45	934	7.13169851046691	1	15.1	NA	NA
3732	62	950	7.46278915741245	1	19.6	NA	22
3733	74	1016	5.72358510195238	0	10.7	3.735	NA
3734	68	1019	5.12989871492307	0	9.2	NA	25
3735	45	937	7.35691824235602	1	8.7	4.182	NA
3736	72	1019	6.07993319509559	0	13	NA	NA
3737	59	915	5.38449506278909	0	9.2	NA	20
3739	45	NA	5.49306144334055	0	14	NA	NA
3742	61	1010	4.98360662170834	0	6.5	NA	24
3744	100	NA	6.62804137617953	0	11.7	3.285	NA
3746	84	NA	6.62804137617953	1	17.6	4.942	NA
3747	46	855	5.52146091786225	1	18.1	3.689	NA
3749	46	NA	7.45414107814668	1	19.3	4.84	NA
3752	48	837	4.92725368515721	0	12.3	NA	19
3753	68	1025	5.85507192220243	1	11.1	NA	22
3754	73	NA	8.36100710822691	1	13.8	NA	NA
3764	31	NA	6.55677835615804	1	16	4.845	NA
3765	NA	NA	7.21376830811864	1	15.8	3.6	NA
3766	30	660	6.11589212548303	0	13.7	NA	NA
3767	68	NA	5.65948221575962	0	15.7	5.1	NA
3768	90	NA	6.05208916892442	0	9.6	4.619	NA
3771	51	NA	6.91473089271856	1	18.1	NA	NA
3775	47	750	6.64248680136726	1	17	3.914	17
3777	100	NA	3.04452243772342	0	9.5	NA	NA
3778	69	1031	6.26530121273771	0	14.7	NA	25
3785	83	1005	6.22257626807137	0	11	4.488	23
3788	66	953	6.01859321449623	0	16.8	NA	NA
3790	89	989	6.20253551718792	0	12.2	4.375	24
3794	40	940	4.14313472639153	0	14.5	NA	19
3797	63	1101	6.53378883793334	0	15	NA	26
3798	65	NA	8.1146238864201	1	9	NA	NA
3799	NA	NA	5.73009978297357	0	11.5	3.417	22
3800	56	NA	7.79975331828725	1	16.9	NA	NA
3802	61	1000	7.34536484041687	1	22.7	NA	24
3803	72	1150	5.88332238848828	0	10.5	4.9	27
3804	80	1034	5.91889385427315	0	16.9	NA	24
3806	52	837	5.14749447681345	0	11.5	3.38	20
3808	59	927	5.34710753071747	0	13	NA	23
3809	42	780	6.24997524225948	1	16.3	NA	19
3810	49	NA	5.94803498918065	0	19.2	3.236	20
3811	94	836	5.20948615284142	0	12.8	4.45	19
3812	50	NA	7.49554194388426	1	19.6	3.04	19
3813	65	NA	6.31535800152234	1	17.3	3.264	19
3815	50	915	7.60439634879634	0	16.6	4.01	23
3818	57	948	5.31811999384422	0	2.5	NA	21
3820	98	NA	4.78749174278205	0	13	3.952	22
3822	46	903	6.32256523992728	0	16.5	3.89	24
3823	60	NA	6.16961073249146	1	16.3	NA	19
3825	56	NA	6.51471269087253	1	15.3	3.752	20
3826	NA	NA	6.86380339145295	1	19.2	3.2	18
3827	57	946	7.96589273508453	1	13.4	4.31	22
3830	67	928	6.18001665365257	0	16.4	3.775	23
3831	72	912	5.36129216570943	0	14.1	4.545	22
3832	55	NA	5.05624580534831	0	11.1	NA	20
3835	69	1124	5.64897423816121	0	11.1	3.616	26
3838	79	NA	5.8636311755981	0	17.8	3.88	22
3839	62	980	6.07304453410041	0	15.9	NA	22
3842	57	NA	5.77765232322266	0	20.5	NA	22
3854	57	NA	5.44241771052179	0	17.2	NA	20
3856	77	NA	5.78074351579233	0	10.1	3.891	NA
3861	59	NA	5.82008293035236	0	8.4	NA	20
3863	77	1053	7.42952084278646	0	13.5	NA	25
3868	67	NA	6.20657592672493	0	16.7	3.255	25
3869	78	1030	4.79579054559674	0	10.7	NA	20
3875	52	965	5.29831736654804	0	15.9	3.75	21
3884	64	1070	5.35185813347607	0	9.4	4.1	24
3892	88	1167	6.34212141872115	0	15.1	4.45	24
3895	72	NA	8.44052810648075	1	11.5	4.29	NA
3896	38	NA	7.56527528189893	1	15.9	2.964	22
3899	46	NA	6.63200177739563	1	22.2	2.8	22
3911	73	NA	5.6021188208797	0	10.7	3.405	22
3915	65	NA	6.93731408122368	1	21	2.592	21
3917	61	985	7.57916796739608	1	19.3	2.705	23
3919	54	NA	7.44073370738926	1	21.3	NA	NA
3921	59	NA	6.82110747225646	1	20.6	2.515	22
3923	46	NA	NA	1	18.1	2.5	NA
3924	67	NA	7.22620901010067	1	19.2	2.958	22
3925	36	NA	5.8348107370626	1	15.2	2.78	21
3926	67	NA	7.29437729928882	1	23.1	NA	21
3932	45	NA	6.9782137426307	1	15.1	3.422	23
3948	30	NA	3.71357206670431	0	14.4	NA	NA
3954	46	997	7.55903825544338	1	22.2	4.234	23
3955	53	948	6.15697898558556	1	23.4	NA	22
3969	45	1052	8.16735198705607	1	12.2	3.744	23
3985	45	1010	6.44888939414686	0	15.5	3.994	23
3986	74	985	5.66988092298052	0	13.3	4.785	NA
3987	52	788	5.22035582507832	0	14.2	4.782	NA
3988	NA	865	4.23410650459726	0	11	NA	NA
4509	NA	NA	5.76205138278018	1	15	NA	NA
4661	62	1111	5.73334127689775	0	11.4	5.475	NA
4673	NA	NA	7.06561336359772	0	38.2	NA	NA
4731	72	928	5.03043792139244	0	22.2	4.934	NA
4741	57	1034	5.44673737166631	1	18.6	4.748	NA
4759	26	751	6.55961523749324	1	18.9	NA	NA
4766	47	NA	7.17011954344963	1	18.2	NA	NA
4779	61	830	6.56103066589657	0	21.6	5.57	NA
4804	53	NA	6.65672652417839	0	18.6	5.5	NA
4917	61	861	6.5206211275587	0	16.4	6.05	NA
5015	28	NA	6.64898455002478	1	18.4	NA	20
6740	24	1007	5.56452040732269	1	18.1	NA	23
6771	47	NA	5.31320597904179	0	6.8	6.643	21
6791	46	952	5.96614673912369	1	14.9	4.76	NA
6858	44	965	5.22035582507832	0	11.4	4.75	NA
6883	56	NA	8.58110651715989	1	13.1	NA	NA
6951	38	870	5.9427993751267	1	15.9	NA	19
6964	77	1107	8.41626727282628	1	19.5	4.766	NA
6965	63	1083	8.14612951002541	1	18.1	4.06	NA
6967	72	NA	7.76937860951398	0	18.5	3.92	NA
6968	95	NA	7.89282552625112	1	9.5	3.792	NA
7022	30	778	6.64378973314767	1	15.3	NA	NA
7032	49	NA	5.41610040220442	0	15.4	NA	22
7085	58	NA	5.8111409929767	0	19.8	NA	22
7104	85	NA	8.09864284375942	1	17.6	3.96	NA
7109	22	NA	5.91350300563827	1	25.3	4.42	NA
7279	NA	955	7.06390396147207	0	23.3	NA	23
7540	32	NA	4.70048036579242	0	17.9	NA	20
7893	69	989	5.82304589548302	0	18.1	3.2	23
7948	56	NA	6.45362499889269	0	12.5	NA	NA
7993	24	842	6.0282785202307	1	13.4	NA	21
8155	68	1042	6.08221891037645	1	18.1	NA	NA
8310	42	NA	6.46925031679577	1	18.1	4.43	21
8759	35	820	5.65248918026865	0	91.8	4.385	20
8770	60	925	6.22257626807137	0	16.7	5.4	NA
8795	48	1004	5.52942908751142	0	11.3	3.336	24
8848	42	762	4.89783979995091	0	14.4	3.27	17
8849	38	947	5.85507192220243	0	19	NA	21
9058	68	NA	5.73657229747919	0	12.1	4	NA
9089	NA	NA	5.12989871492307	0	11.9	NA	20
9092	87	1177	8.49556089128912	1	11.5	NA	27
9168	NA	NA	NA	1	8.1	NA	NA
9192	29	800	4.60517018598809	0	7.5	4.5	21
9226	43	837	6.70808408385307	1	19.1	3.138	NA
9235	63	860	7.08002649992259	1	19.2	2.924	NA
9265	42	1040	7.38398945797851	1	17	2.744	23
9275	52	NA	7.42773884053289	1	17.7	NA	NA
9344	47	970	5.89164421182577	1	17.8	4.86	NA
9345	64	1041	6.56526497003536	1	19.5	4.351	NA
9401	NA	867	5.73657229747919	0	8.6	NA	21
9554	56	1052	8.03495502450216	1	13.6	NA	NA
9563	40	825	8.05420489706441	1	16.6	NA	20
9630	56	NA	7.32317071794347	1	19.2	2.394	22
9635	66	1019	6.97634807044775	1	13.9	NA	23
9636	33	NA	7.44483327389219	1	15.9	2.716	17
9645	84	1171	4.88280192258637	0	8.2	5.62	NA
9741	NA	1188	6.01615715969835	1	20.8	NA	27
9743	NA	NA	4.71849887129509	0	17.6	NA	18
9762	NA	957	6.80793494369993	1	14.6	NA	NA
9841	47	1017	6.32793678372919	1	17.8	NA	22
9930	NA	839	4.07753744390572	1	15.5	NA	19
10097	36	660	6.46769872610435	1	16.5	NA	NA
10115	50	907	7.4301141385618	1	25.3	NA	21
10256	58	NA	5.40267738187228	0	14.1	3.85	NA
10286	NA	NA	7.45298232946546	1	15.1	NA	NA
10298	43	NA	5.49306144334055	1	17.4	3.122	NA
10300	NA	NA	7.14519613499717	1	14.6	2.62	22
10311	73	1020	6.69208374250663	0	17.7	3.528	24
10313	34	NA	7.54486106865846	1	14.3	NA	22
10366	69	1069	8.76280248744611	1	23.1	3.412	25
10392	NA	NA	6.64509096950564	0	17.9	NA	NA
10395	66	1038	6.78671695060508	0	15.6	NA	NA
10448	71	1172	4.20469261939097	0	10.9	NA	NA
11462	NA	881	7.05789793741186	1	13.7	5.12	20
11649	84	1034	6.62406522779989	0	14.2	5.916	NA
12748	NA	NA	6.85856503479136	1	17.3	NA	19
12826	8	NA	7.01031186730723	1	20.6	NA	NA
20648	NA	1009	5.40717177146012	0	17.2	2.9	NA
20662	59	1089	6.45204895443723	0	10.2	8.02	NA
21366	50	NA	4.31748811353631	0	8.5	3.7	23
29013	71	1032	7.63240112660145	1	16	5.072	NA
29020	31	850	6.21460809842219	1	15.8	NA	NA
29022	NA	1000	4.85981240436167	0	2.3	NA	23
29040	48	845	7.26752542782817	1	17.6	NA	NA
29059	55	905	4.969813299576	0	13.1	4.44	22
29099	64	850	6.11368217983223	0	15.4	NA	NA
29100	NA	NA	7.44833386089748	1	11.7	NA	NA
29258	55	1005	5.95583736946483	0	16.1	5	23
29261	58	1136	3.93182563272433	0	9.3	NA	23
30431	60	1066	3.09104245335832	0	11.8	NA	25
